542 355 -141.625 339 339 240 225 81.9307
354 332 -148.409 323 323 418 132 -41.9872
77 294 -8.08195 44 44 490 432 -58.3252
384 250 11.3099 429 429 430 294 -133.942
626 169 -24.3806 728 728 681 140 -105.146
309 439 -87.0391 339 339 551 124 54.8336
459 129 104.534 507 507 353 420 6.88172
683 280 178.781 494 494 86 295 -9.88141
688 297 124.151 448 448 103 309 -2.48955
677 409 -166.633 715 715 103 309 2.42377
65 251 89.029 84 84 63 152 -93.0128
74 220 176.348 84 84 89 156 -6.34019
436 288 180 437 437 372 290 -1.94149
422 265 -56.0778 436 436 335 274 -144.614
432 278 -13.9018 340 340 329 281 -166.778
628 246 -40.7793 614 614 662 190 -133.091
654 244 1.14576 694 694 691 306 -76.2485
701 151 1.21888 662 662 640 161 -95.4364
610 375 -138.917 626 626 671 401 -55.7174
372 405 -150.289 450 450 490 387 153.516
268 376 122.784 304 304 351 383 109.293
185 421 18.7865 125 125 94 390 -123.031
56 363 -14.2903 37 37 84 292 -2.5448
317 213 -170.362 128 128 79 137 -124.802
297 215 -57.1752 404 404 546 255 180
